[[ 0.00000000e+00  0.00000000e+00  0.00000000e+00  0.00000000e+00
   0.00000000e+00  0.00000000e+00  0.00000000e+00  0.00000000e+00
   0.00000000e+00  0.00000000e+00  0.00000000e+00  0.00000000e+00
   0.00000000e+00  0.00000000e+00  0.00000000e+00  0.00000000e+00
   0.00000000e+00  0.00000000e+00  0.00000000e+00  0.00000000e+00
   0.00000000e+00  0.00000000e+00  0.00000000e+00  0.00000000e+00
   0.00000000e+00  0.00000000e+00  0.00000000e+00  0.00000000e+00
   0.00000000e+00  0.00000000e+00  0.00000000e+00  0.00000000e+00
   0.00000000e+00  0.00000000e+00  0.00000000e+00  0.00000000e+00
   0.00000000e+00  0.00000000e+00  0.00000000e+00  1.58649109e-05
   3.55205528e-05  1.72688854e-05  0.00000000e+00  0.00000000e+00
   0.00000000e+00  0.00000000e+00  0.00000000e+00  0.00000000e+00
   0.00000000e+00  0.00000000e+00  0.00000000e+00  0.00000000e+00
   0.00000000e+00  0.00000000e+00  0.00000000e+00  0.00000000e+00
   0.00000000e+00  0.00000000e+00  0.00000000e+00  0.00000000e+00
   0.00000000e+00  0.00000000e+00  0.00000000e+00  0.00000000e+00
   0.00000000e+00  0.00000000e+00  0.00000000e+00  3.27126040e-05
   3.53801554e-05  1.67509204e-03  2.02736545e-02  2.60840659e-02
   7.74422909e-03  7.12131833e-03  2.12090102e-02  2.28281273e-02
   6.56085585e-04  0.00000000e+00  0.00000000e+00  0.00000000e+00
   0.00000000e+00  0.00000000e+00  0.00000000e+00  0.00000000e+00
   0.00000000e+00  0.00000000e+00  0.00000000e+00  0.00000000e+00
   0.00000000e+00  0.00000000e+00  0.00000000e+00  0.00000000e+00
   0.00000000e+00  0.00000000e+00  2.28847830e-05  3.56609502e-05
   3.55205644e-05  1.33041428e-02  2.60367243e-02  1.35363024e-02
   8.85989569e-03  3.02104874e-02  3.46160190e-02  1.75603450e-02
   5.38927615e-04  0.00000000e+00  0.00000000e+00  0.00000000e+00
   0.00000000e+00  0.00000000e+00  0.00000000e+00  0.00000000e+00
   0.00000000e+00  0.00000000e+00  0.00000000e+00  0.00000000e+00
   0.00000000e+00  0.00000000e+00  0.00000000e+00  8.71702164e-04
   1.36790186e-02  1.20141809e-02  7.94706124e-03  4.52584054e-03
  -3.32185428e-03  1.77510890e-02  1.10021142e-02 -7.46576188e-03
   2.97838905e-03  2.49080535e-02  2.50319042e-02  4.45950216e-03
  -1.81600492e-03 -1.85115335e-03 -4.90011182e-04  0.00000000e+00
   0.00000000e+00  0.00000000e+00  0.00000000e+00  0.00000000e+00
   0.00000000e+00  0.00000000e+00  0.00000000e+00  0.00000000e+00
   0.00000000e+00  0.00000000e+00  4.69378088e-04  1.36119646e-02
   1.70317192e-02  1.41817588e-02  5.96031964e-03 -3.17186524e-03
   1.00948200e-02  1.79742405e-02 -1.32551651e-02 -4.31998468e-03
   5.68280398e-03  1.55623726e-02 -1.55625271e-03 -2.08197709e-02
  -1.72848749e-02 -2.25172855e-02 -1.33670163e-02 -6.58766696e-04
  -3.46596676e-11 -2.66612828e-12  0.00000000e+00  0.00000000e+00
   0.00000000e+00  0.00000000e+00  0.00000000e+00  0.00000000e+00
   0.00000000e+00  0.00000000e+00  8.71702164e-04  1.70317192e-02
   1.58396704e-02  5.08918865e-03 -5.51407498e-04 -1.20674218e-02
   5.81882078e-03  6.60593732e-03 -7.77499183e-03  1.27347484e-02
   2.27129500e-02  6.59708112e-03 -1.84470658e-02 -2.84639963e-02
  -3.33688663e-02 -1.76947162e-02 -1.70227775e-02 -4.25396254e-03
  -9.87952788e-05 -2.93859404e-09  0.00000000e+00  0.00000000e+00
   0.00000000e+00  0.00000000e+00  0.00000000e+00  0.00000000e+00
   0.00000000e+00  0.00000000e+00  4.02324076e-04  1.20214045e-02
   5.78575078e-03 -3.78337081e-03 -2.46006109e-02 -1.88003766e-02
   1.59428068e-02  4.96483048e-03  7.77681727e-03  2.47095948e-02
   2.00405741e-02 -8.69500370e-03 -2.29496383e-02 -2.13992256e-02
  -2.86727035e-02 -1.71137968e-02 -1.16420018e-02 -8.12136746e-03
  -2.55174872e-03 -1.84122653e-03 -3.63192087e-04  0.00000000e+00
   0.00000000e+00  0.00000000e+00  0.00000000e+00  0.00000000e+00
   0.00000000e+00  0.00000000e+00  0.00000000e+00  5.37346369e-03
  -1.50528244e-02 -1.90162623e-02 -2.36944452e-02 -5.91209805e-03
   5.41963058e-03 -1.84374472e-02 -4.63202967e-04  1.14800836e-02
  -4.51303036e-03 -2.85716787e-02 -1.82300038e-02 -1.85814602e-02
  -2.84578737e-02 -3.61242947e-02 -3.55297678e-02 -3.18008924e-02
  -2.42948254e-02 -1.49329861e-02 -2.43552341e-04  0.00000000e+00
   0.00000000e+00  0.00000000e+00  0.00000000e+00  0.00000000e+00
   0.00000000e+00  0.00000000e+00  0.00000000e+00 -1.00015316e-02
  -1.92124751e-02 -1.90146309e-02 -1.60388104e-02 -1.61957995e-05
  -5.61066397e-03 -1.99259579e-02 -8.68102412e-03 -1.40140875e-02
  -3.28457396e-02 -3.75851313e-02 -3.35121190e-02 -3.56847462e-02
  -3.46700821e-02 -3.35526617e-02 -3.38201436e-02 -3.47985885e-02
  -3.22529312e-02 -2.80388276e-02  0.00000000e+00  0.00000000e+00
   0.00000000e+00  0.00000000e+00  0.00000000e+00  0.00000000e+00
   0.00000000e+00  0.00000000e+00  0.00000000e+00 -1.45255023e-02
  -1.97655205e-02 -1.78906712e-02 -9.89855013e-03 -7.60955596e-05
  -4.95631507e-03 -1.02738497e-02 -1.47769540e-02 -2.38882857e-02
  -3.07489108e-02 -2.73875800e-02 -2.43253567e-02 -1.57666624e-02
  -1.38216527e-02 -1.28483045e-02 -1.16745422e-02 -4.92799511e-03
  -2.17748621e-03 -9.16836300e-04  0.00000000e+00  0.00000000e+00
   0.00000000e+00  0.00000000e+00  0.00000000e+00  0.00000000e+00
   0.00000000e+00  0.00000000e+00  5.75629512e-06 -1.41813973e-02
  -1.20092922e-02 -1.75295495e-02 -1.86769348e-02 -1.38163184e-02
  -3.45916052e-02 -3.14463395e-02 -1.08764562e-02 -4.37701427e-03
  -5.66623948e-03 -4.54964222e-03 -3.92073893e-03 -7.18013302e-04
   4.35256306e-06  1.76436067e-10  0.00000000e+00  0.00000000e+00
   0.00000000e+00  0.00000000e+00  0.00000000e+00  0.00000000e+00
   0.00000000e+00  0.00000000e+00  0.00000000e+00  0.00000000e+00
   0.00000000e+00  0.00000000e+00  1.15129253e-05 -1.37226534e-03
   1.53081761e-03  5.98509914e-03 -1.11805289e-02 -3.60519200e-02
  -4.43436625e-02 -2.88770799e-02 -6.73787342e-03 -2.57111027e-03
   7.16807758e-03  2.86266136e-03 -1.10960565e-03 -2.71621423e-03
   5.60233363e-04  1.29276704e-03  3.27148942e-03  3.95744663e-04
   0.00000000e+00  0.00000000e+00  0.00000000e+00  0.00000000e+00
   0.00000000e+00  0.00000000e+00  0.00000000e+00  0.00000000e+00
   0.00000000e+00  2.02911601e-10  1.43217282e-05 -1.69319906e-03
   5.44679364e-03  1.65810440e-02 -2.54744908e-03 -9.17341135e-03
  -1.53011079e-02  1.25677144e-03  4.12584441e-03  6.67218502e-03
   1.19661905e-02  1.06200397e-02  1.58685085e-02  7.76390507e-03
   5.71663579e-03  6.73413098e-03  6.70548925e-03  1.97872336e-03
   0.00000000e+00  0.00000000e+00  0.00000000e+00  0.00000000e+00
   0.00000000e+00  0.00000000e+00  0.00000000e+00  0.00000000e+00
   0.00000000e+00  2.02911601e-10  1.43216788e-05 -6.32707600e-05
   5.49205002e-03  4.72313653e-03 -2.16446957e-03  2.92051545e-02
   2.74255497e-02  1.36708430e-02  6.29940071e-03 -1.15100524e-02
   2.85340135e-03  1.75389642e-02  2.50165668e-02  3.73352791e-02
   1.15088400e-02  6.73679889e-03  5.79064952e-03  8.70638461e-04
   0.00000000e+00  0.00000000e+00  0.00000000e+00  0.00000000e+00
   0.00000000e+00  0.00000000e+00  0.00000000e+00  0.00000000e+00
   0.00000000e+00  2.02911601e-10  1.43213562e-05  3.56614528e-05
   3.17791841e-03 -3.53295291e-03  9.16209013e-03  4.00523293e-02
   2.16931439e-02 -2.17432598e-04 -3.17044636e-03 -9.13106792e-03
  -9.98333380e-03 -3.29051408e-03  1.63363924e-02  3.85517486e-02
   3.26997966e-02  7.20631790e-03  3.33339430e-03  2.94877091e-06
   0.00000000e+00  0.00000000e+00  0.00000000e+00  0.00000000e+00
   0.00000000e+00  0.00000000e+00  0.00000000e+00  0.00000000e+00
   0.00000000e+00  6.60642422e-11 -7.01921896e-04  3.55210553e-05
   2.28753589e-03  1.29768392e-02  5.32786776e-02  7.43405071e-02
   3.28633431e-02 -7.28384138e-03 -5.73023858e-03  3.11966286e-02
   5.03936889e-03 -1.63772133e-02 -1.06943084e-02  3.03959649e-02
   4.36210335e-02  1.37903989e-02  5.16855342e-04  1.43209307e-05
   0.00000000e+00  0.00000000e+00  0.00000000e+00  0.00000000e+00
   0.00000000e+00  0.00000000e+00  0.00000000e+00  0.00000000e+00
  -1.15155756e-03 -2.09989908e-03 -6.34173930e-03 -1.12829060e-03
   6.62229690e-05  1.20265333e-02  6.88746830e-02  7.70317536e-02
   3.78896733e-02  1.43709593e-02  2.03788033e-03  1.86646049e-02
  -4.30291912e-03 -7.89937702e-03 -5.11497311e-03  1.16341729e-02
   2.07941875e-02  1.71994382e-02  1.24249510e-03  1.43209307e-05
   0.00000000e+00  0.00000000e+00  0.00000000e+00  0.00000000e+00
   0.00000000e+00  0.00000000e+00  0.00000000e+00  0.00000000e+00
  -5.20127775e-03 -7.72518805e-03 -2.24940664e-02 -4.39885110e-03
  -1.62081749e-03  1.04140120e-02  5.75097000e-02  7.40797548e-02
   5.42696061e-02  2.86193732e-02  1.69618010e-03  3.75667624e-03
   5.85781399e-04  2.50380030e-02  8.08277242e-03 -4.22182812e-03
   9.38413360e-03  1.70672422e-02  8.41713289e-03  1.43205391e-05
   0.00000000e+00  0.00000000e+00  0.00000000e+00  0.00000000e+00
   0.00000000e+00  0.00000000e+00  0.00000000e+00  0.00000000e+00
  -7.40123193e-03 -9.33861566e-03 -3.92395081e-02 -2.40849244e-02
  -8.23157189e-03  1.87046975e-03  4.45287394e-02  5.50925563e-02
   5.63891662e-02  3.08793079e-02 -1.49852772e-02  7.42862340e-03
   1.67920228e-02  1.49459935e-02  5.37338361e-03 -4.45560791e-03
   9.86883892e-03  1.70675230e-02  1.61927304e-02  6.76296422e-04
   0.00000000e+00  0.00000000e+00  0.00000000e+00  0.00000000e+00
   0.00000000e+00  0.00000000e+00  0.00000000e+00  0.00000000e+00
  -1.27229764e-03 -9.05218169e-03 -4.40542148e-02 -5.00651057e-02
  -4.09559242e-02 -3.40555121e-02 -1.01370504e-02  2.41757555e-02
   2.51156190e-02  3.06485003e-02  2.87788529e-02  3.14782846e-02
   1.88755849e-02  1.82790357e-02  6.93637218e-03  7.61416701e-04
  -1.31585277e-03  1.71199743e-02  1.01992301e-02  1.34108025e-04
   0.00000000e+00  0.00000000e+00  0.00000000e+00  0.00000000e+00
   0.00000000e+00  0.00000000e+00  0.00000000e+00  0.00000000e+00
   0.00000000e+00 -2.92953177e-03 -2.01248629e-02 -5.10493690e-02
  -6.49478968e-02 -6.49532687e-02 -4.28019352e-02 -1.96611397e-02
  -2.57929117e-02  3.45426138e-03  2.86538382e-02  3.16282787e-02
   3.20139377e-02  1.73305711e-02 -6.97148366e-03 -2.58740402e-03
   3.72175557e-03  1.70317192e-02  9.52166979e-03  0.00000000e+00
   0.00000000e+00  0.00000000e+00  0.00000000e+00  0.00000000e+00
   0.00000000e+00  0.00000000e+00  0.00000000e+00  0.00000000e+00
   0.00000000e+00 -2.86639288e-04 -8.02533388e-03 -2.09941852e-02
  -4.18429133e-02 -5.10632013e-02 -5.43084125e-02 -4.11801552e-02
  -3.23472449e-02 -3.70683983e-02 -3.32569142e-02 -2.12535799e-02
  -1.91381282e-02 -1.82330889e-02 -3.64431559e-03  3.25696062e-03
   3.85586298e-03  1.70317192e-02  1.60929630e-03  0.00000000e+00
   0.00000000e+00  0.00000000e+00  0.00000000e+00  0.00000000e+00
   0.00000000e+00  0.00000000e+00  0.00000000e+00  0.00000000e+00
   0.00000000e+00  0.00000000e+00 -1.23556462e-03 -9.09367134e-03
  -2.29385576e-02 -4.06338427e-02 -4.35219493e-02 -4.19357447e-02
  -3.80920304e-02 -3.46845214e-02 -2.57242555e-02 -1.88445957e-02
  -1.46514150e-02 -7.48243348e-03  1.67862085e-03  1.13149221e-02
   4.74936892e-03  4.02324076e-04  6.70540126e-05  0.00000000e+00
   0.00000000e+00  0.00000000e+00  0.00000000e+00  0.00000000e+00
   0.00000000e+00  0.00000000e+00  0.00000000e+00  0.00000000e+00
   0.00000000e+00  0.00000000e+00 -1.43319644e-04 -7.16598219e-04
  -4.45899385e-03 -1.31232431e-02 -2.10199440e-02 -2.96335482e-02
  -1.61186324e-02 -1.09691992e-02 -8.64843499e-03 -8.64843499e-03
  -1.04829515e-03  0.00000000e+00  0.00000000e+00  0.00000000e+00
   0.00000000e+00  0.00000000e+00  0.00000000e+00  0.00000000e+00
   0.00000000e+00  0.00000000e+00  0.00000000e+00  0.00000000e+00
   0.00000000e+00  0.00000000e+00  0.00000000e+00  0.00000000e+00
   0.00000000e+00  0.00000000e+00  0.00000000e+00  0.00000000e+00
   0.00000000e+00  0.00000000e+00  0.00000000e+00  0.00000000e+00
   0.00000000e+00  0.00000000e+00  0.00000000e+00  0.00000000e+00
   0.00000000e+00  0.00000000e+00  0.00000000e+00  0.00000000e+00
   0.00000000e+00  0.00000000e+00  0.00000000e+00  0.00000000e+00
   0.00000000e+00  0.00000000e+00  0.00000000e+00  0.00000000e+00
   0.00000000e+00  0.00000000e+00  0.00000000e+00  0.00000000e+00
   0.00000000e+00  0.00000000e+00  0.00000000e+00  0.00000000e+00
   0.00000000e+00  0.00000000e+00  0.00000000e+00  0.00000000e+00
   0.00000000e+00  0.00000000e+00  0.00000000e+00  0.00000000e+00
   0.00000000e+00  0.00000000e+00  0.00000000e+00  0.00000000e+00
   0.00000000e+00  0.00000000e+00  0.00000000e+00  0.00000000e+00
   0.00000000e+00  0.00000000e+00  0.00000000e+00  0.00000000e+00
   0.00000000e+00  0.00000000e+00  0.00000000e+00  0.00000000e+00
   0.00000000e+00  0.00000000e+00  0.00000000e+00  0.00000000e+00
   0.00000000e+00  0.00000000e+00  0.00000000e+00  0.00000000e+00
   0.00000000e+00  0.00000000e+00  0.00000000e+00  0.00000000e+00
   0.00000000e+00  0.00000000e+00  0.00000000e+00  0.00000000e+00
   0.00000000e+00  0.00000000e+00  0.00000000e+00  0.00000000e+00
   0.00000000e+00  0.00000000e+00  0.00000000e+00  0.00000000e+00]]